
 --------- sitzmann ----------- 
d-LEV   :      42.00607376898937 
d-DTW   :      1841.5337730081114 
u-REC   :      5.163223455753661 
u-DET   :      11.053788013570081 
d-TDE   :      16.19194122254593 
u-ScanMatch   :      0.5263143851064538 

 --------- salient360 ----------- 
d-LEV   :      35.09002140119792 
d-DTW   :      1376.4389836702064 
u-REC   :      5.0658844439247295 
u-DET   :      15.601420448696087 
d-TDE   :      16.649626922336886 
u-ScanMatch   :      0.5128986047241298 

 --------- aoi ----------- 
d-LEV   :      14.316767034370482 
d-DTW   :      501.9528321404471 
u-REC   :      13.00824175825284 
u-DET   :      30.434546284941668 
d-TDE   :      30.248450395655713 
u-ScanMatch   :      0.3669784110472882 

 --------- jufe ----------- 
d-LEV   :      18.44458470169677 
d-DTW   :      1030.9721052638386 
u-REC   :      7.864265860358749 
u-DET   :      20.59150904981216 
d-TDE   :      20.304902047617674 
u-ScanMatch   :      0.563802477677998 
